0 0.9458722248861147 0.7089210639151223 0.946212613092267 0.7065383464720565 0.9525097949060845 0.7071340258328228 0.951956664071087 0.7103251652655007 0.9459573219376529 0.7099847770593483
0 0.9579371179912894 0.711007202588954 0.9673012384337722 0.7120734819970032 0.9671508656967397 0.7147801912635894 0.9575543510242973 0.7138232738461093
0 0.9537971717810535 0.7237457699205309 0.9615038441643953 0.724363051931818 0.9699026206209983 0.7253170332219889 0.9697155654660629 0.728085449515034 0.9610736173080436 0.7268321799769665 0.9562850053416955 0.7261400759037051 0.9536288221416116 0.725934315233276 0.9535914111106246 0.7236896533740502
0 0.967938866187179 0.7123550850639696 0.9683877985590242 0.7095492577399375 0.9702957611393659 0.7098485459878342 0.9701648225309112 0.7127853119203211
0 0.9683463750548176 0.708020067328692 0.9687953074266628 0.7055135282525568 0.9703291596971337 0.7055322337680504 0.9701046935112112 0.7084689997005372
0 0.9499143348341732 0.7016452660086172 0.9502121745145564 0.6984115780501704 0.9577432635756759 0.6988796118336299 0.9577432635756759 0.7025387850497671
0 0.9676392532462791 0.716581557486502 0.9679198359786824 0.713308092275131 0.9698090930435306 0.713439030883586 0.9697155654660629 0.7169369622808793
0 0.8979355823931247 0.6989243888531962 0.8992120381661957 0.6883723544624752 0.9061474478665487 0.6892233249778558 0.9049560891450157 0.699945553471653
0 0.9454467396284244 0.714282178162021 0.9494037525249447 0.7148778575227875 0.949786689256866 0.7113888784097264 0.9458296763603458 0.7109633931520362
0 0.9502972715660946 0.6972627678544064 0.9504674656691707 0.6940290798959597 0.9583814914622114 0.6948375018855714 0.9580836517818282 0.6982413839470943
0 0.9587218796683636 0.7026238821013051 0.9681251038633208 0.7033046585136096 0.9679123612344757 0.7056873759566756 0.9581262003075973 0.7050065995443712
0 0.9580836517818282 0.7076020596162823 0.9675719730283234 0.7087508698120463 0.9679123612344757 0.706027764162828 0.9584665885137496 0.7053469877505234
0 0.9580411032560593 0.7086232242347392 0.9676145215540924 0.7091763550697366 0.9672741333479401 0.7120696548220311 0.9579560062045211 0.710835747574729
0 0.9606365633279705 0.6941141769474978 0.968337846492166 0.6948800504113405 0.9684229435437041 0.6989647088851679 0.9599132383898967 0.6981137383697872
0 0.9600834324929729 0.6987519662563227 0.9681676523890898 0.6994327426686273 0.9678272641829375 0.7027089791528431 0.9599557869156659 0.7019431056890005
0 0.9675644311843048 0.7180592932104923 0.9712868287675209 0.71815282078796 0.9712120067055469 0.721220525328902 0.9671154988124597 0.72105217568946
0 0.950637659772247 0.693263206432117 0.9510631450299373 0.6899018728963632 0.9589346222972089 0.6904550037313606 0.9585516855652876 0.6941567254732667
0 0.946340258669574 0.7056873759566756 0.9468508409788026 0.7019856542147694 0.9568922930602952 0.7033472070393787 0.9562540651737595 0.7068787346782087
0 0.957183790396748 0.7210904974358798 0.9702401473196548 0.7219189464792114 0.9699750436257886 0.7249345009969386 0.9572169283584814 0.7238740862214741
0 0.95743282555488 0.7139738427853454 0.9669765585340605 0.7148022918286769 0.96717538630446 0.7179503981933372 0.9571014459375471 0.716790569532673
0 0.9572671357462136 0.7170225352648057 0.9673410761131264 0.7179172602316038 0.966943420572327 0.7214961600987967 0.9568694802054144 0.7204688832850654
0 0.763909575977667 0.7082407132847128 0.7774923612143585 0.7095361812408134 0.7766679725150217 0.7167593965111928 0.7632814703019818 0.7159742644165864
