0 0.3172115585185863 0.31407210868304963 0.321339944441312 0.3129332436009184 0.32193784860943087 0.31535333190044723 0.31775251943259863 0.316549140236685
0 0.32156069291422024 0.32928705418441573 0.3482437557327316 0.32193827622784216 0.34885615389577945 0.32434412615410135 0.32212934835133605 0.331736646836607
0 0.31989261884270903 0.3230489591879428 0.323895047228548 0.32205376077849096 0.32430610744114763 0.32404415759739463 0.32039021804743495 0.3252773382351937
0 0.33903149470999694 0.30517548208681516 0.3430888867491356 0.30407951986934667 0.34362520868534363 0.30641135437459877 0.33956781664620495 0.3076005899722774
0 0.3181511222113445 0.3172324592859637 0.3223079797611235 0.31609359420383254 0.3227065825398694 0.3185136825033614 0.31880596963357 0.3195386610772795
0 0.3190337426499962 0.3202219801265582 0.3230197704374555 0.31914005829853354 0.32356073135146785 0.32161708985216897 0.3194038738016889 0.32244276703671404
0 0.12167397558939683 0.47744304183111946 0.12819431052390406 0.4754869413507673 0.130867647847052 0.4840937834643168 0.12428210956319972 0.48572386719794364
0 0.3397776817516776 0.3083467770139581 0.34385839213586883 0.30711090472617447 0.34441803241712937 0.3094660575764791 0.34036064037799063 0.3106786115192102
0 0.34170162960452416 0.31404973564027105 0.3458289766788204 0.31309368349311767 0.34624870688976583 0.31535556296321227 0.3423079065758897 0.31656811690594333
0 0.316471296215201 0.31111105946950846 0.3205712105108734 0.3099721943873772 0.32108369979783247 0.3125061691951192 0.31692684224805345 0.3133603180067176
0 0.32075800876397154 0.32607782391236145 0.347281415762228 0.319094999042263 0.3479375566512078 0.32136962079072634 0.3211670083808324 0.328630913295436
0 0.32234806198099597 0.33221781682185886 0.34920609570323535 0.32486903886528523 0.3498622365922151 0.32736237424340836 0.3231791737737037 0.33488612310370997
0 0.3406870972087259 0.3111916151103657 0.3447911259379697 0.3099790611676346 0.3453041295291252 0.3123808507080442 0.34134001087019655 0.31340685789035516
0 0.3425410900264149 0.3171277571872039 0.3466451187556587 0.31586856655436774 0.3469482572413415 0.318340311129935 0.3428675468571502 0.31945959169245597
0 0.129954800956221 0.47503051790535183 0.13667074593876338 0.4731396207743447 0.13908326986453107 0.4813552427918238 0.13236732488198866 0.48331134327217595
