0 0.8985787291894615 0.01853602286435113 0.902350773306583 0.018054485317484544 0.9066846112283822 0.030815230309449056 0.9026717983378272 0.032179586692237715 0.9025002239368064 0.03127998714801957 0.901659427130453 0.02847733112684133
0 0.9170477880485801 0.20679756192968635 0.9187856896850448 0.20626117253571583 0.9195795459881211 0.20909330853588023 0.9177558220486212 0.20943659774802137
0 0.914733610351616 0.19931432938428031 0.9164715119880806 0.19875648441455093 0.9173726461699511 0.2015027981116801 0.9155274666546925 0.20206064308140947
0 0.9160448768970628 0.20303173962665103 0.9175682227759392 0.20251680580843928 0.9185766348366037 0.2051772972025331 0.9166885441698274 0.205799508899539
0 0.9126419657455459 0.19171529356594533 0.9142511339274574 0.1912647264750101 0.9150020790790162 0.19381793999030983 0.9135645555031751 0.1943757849600392
0 0.9113975423515343 0.18793911223239276 0.9131783551395164 0.1875743674444928 0.913950755866834 0.190427959020416 0.9121913986546106 0.19066397035376306
0 0.666326729916047 0.43359122769381686 0.6754413535446122 0.4309870495142267 0.6761854044530664 0.43352922345144557 0.6668227638550165 0.43582338041917973
0 0.6630405050703739 0.4218104216432904 0.6790375996021413 0.41765613740442054 0.679595637783482 0.42026031558401056 0.6635985432517146 0.42391856588391086
0 0.9134986297429648 0.17998850813855063 0.9175419003107531 0.1938642775870971 0.919150019286578 0.1934507612790278 0.9149689099494333 0.1795290455740292
0 0.9182181037962155 0.1958333795240456 0.9197343302591362 0.1952820244466199 0.9245586871866109 0.2115929454871298 0.9230424607236903 0.21209835430810334
0 0.6649006323415095 0.42807285012278073 0.6736432305158475 0.42546867194319066 0.6743872814243019 0.42745280769906874 0.6655206747652215 0.42999498163628763
0 0.6671947893092437 0.43966764344619363 0.6770534638462631 0.43631941435814925 0.6777355105123463 0.4392956179919664 0.6681868571871827 0.4419618004139277
0 0.9182640500526675 0.21071996661453915 0.9197802765155884 0.21030645030646988 0.9205154166188225 0.21287944066778974 0.9188613513865455 0.2130632256935983
0 0.9136718333819692 0.19553438605101559 0.9153453682911575 0.1950623633843215 0.9162035913215103 0.19789449938448594 0.9144442341092869 0.19840943320269763
