0 0.9311709839972354 0.24167077257294248 0.9378377133987309 0.24223415815616747 0.9369926350238934 0.2532201770290542 0.9300442128307855 0.2519995082654001
0 0.974909959923919 0.26516230067129704 0.9788983028134017 0.2655905791023824 0.9786573961959162 0.2689900391491226 0.9745619836986622 0.2685082259141516
0 0.9993800878851007 0.2489229704815284 0.999140351853706 0.25327817505186606 1.0 0.2533980430675634 1.0 0.24896292648676088
0 0.9873925823990833 0.25644525820944075 0.9974614957176622 0.2574441583402521 0.9955835634717367 0.274545328579743 0.9857144301793204 0.27338660442800183
0 0.9825188296560745 0.2775177351041903 0.9993003518537058 0.27919588732395345 0.9991005718275436 0.28163320364313327 0.9827585656874693 0.27979522740244034
0 0.9893910865769868 0.2481238503768793 0.9978617596862673 0.24880310246583104 0.9969028155606883 0.2572338195698792 0.9887517904932674 0.2559152713972081
0 0.9976108018018691 0.26344985526316844 1.0 0.26371592819502987 1.0 0.26774503259178856 0.9973447288700077 0.2674409492410898
0 0.9791236879223735 0.25285732233497443 0.9871790544077514 0.2534843867919201 0.9869861114979219 0.25690912344139216 0.9791236879223735 0.2561373518020745
0 0.980040166744063 0.24374076984553475 0.9884814190490999 0.24475372012213917 0.9880955332294412 0.2485161068638127 0.9798472238342337 0.24764786376958034
0 0.9754185405608331 0.2606386097429576 0.9817356474193424 0.26130779479152855 0.9812270667824284 0.2649481614557543 0.9750170295316903 0.26433251121106904
0 0.9797989881067763 0.24841963540889803 0.9877578831372397 0.24919140704821566 0.987420233045038 0.2526161436976877 0.9792683951047454 0.25184437205837007
0 0.9756507155454439 0.2565232376217333 0.9860696326762323 0.25763265935325247 0.9856355111291161 0.2611538674576392 0.9755060083630719 0.26018915290849215
0 0.9861947821374606 0.27480072674838335 0.9996199998955656 0.2765587909786114 0.9995001318798681 0.2788762392820939 0.9860349581165307 0.27795725116174735
0 0.9972687080323329 0.26801110552365 0.9990932081365257 0.26831518887434874 0.9987891247858268 0.27143204321901115 0.9971166663569836 0.27120398070598706
0 0.9981029035502232 0.2589982190466336 1.0 0.2592379550780283 1.0 0.2629538635646467 0.9978232115135962 0.26263421552278704
0 0.9964086038439595 0.27177508468597533 1.0 0.27223120971202347 1.0 0.2763363349464569 0.9961805413309354 0.2757281682450593
